<?xml version="1.0"?>
<opencv_storage>
<cameraMatrix type_id="opencv-matrix">
  <rows>3</rows>
  <cols>3</cols>
  <dt>d</dt>
  <data>
    5.4306971775655927e+02 0. 4.5726399488454479e+02 0.
    5.4589498431874699e+02 2.6286646134476911e+02 0. 0. 1.</data></cameraMatrix>
<distCoeffs type_id="opencv-matrix">
  <rows>1</rows>
  <cols>5</cols>
  <dt>d</dt>
  <data>
    9.7397204125294776e-02 -1.2012313471804630e-01
    -7.9290152148626426e-03 -1.0560283142800990e-02
    4.8856342072839475e-02</data></distCoeffs>
</opencv_storage>
